y = [[-1.5 -1.5 -1.5 -1.5]
 [-0.5 -0.5 -0.5 -0.5]
 [ 0.5  0.5  0.5  0.5]
 [ 1.5  1.5  1.5  1.5]]
z = [[-1.5 -0.5  0.5  1.5]
 [-1.5 -0.5  0.5  1.5]
 [-1.5 -0.5  0.5  1.5]
 [-1.5 -0.5  0.5  1.5]]
u = [[   857.7037037   2778.96        2778.96         857.7037037]
 [   926.32       23158.         23158.           926.32     ]
 [  -926.32      -23158.        -23158.          -926.32     ]
 [  -857.7037037  -2778.96       -2778.96        -857.7037037]]
v = [[  1905.00741406  -3111.04843251 -10379.37985509  -3548.00930386]
 [  8264.24682933  51435.20017965 -95796.25120417  -2709.36459326]
 [ -2709.36459326 -95796.25120417  51435.20017965   8264.24682933]
 [ -3548.00930386 -10379.37985509  -3111.04843251   1905.00741406]]
w = [[ -1841.56794961  -5677.09794308   1464.8935033    3087.43771978]
 [  1543.82395369 -49722.33463948  83360.81843408   8685.81540007]
 [  8685.81540007  83360.81843408 -49722.33463948   1543.82395369]
 [  3087.43771978   1464.8935033   -5677.09794308  -1841.56794961]]

