[[[-1.5 -1.5 -1.5 -1.5]
  [-1.5 -1.5 -1.5 -1.5]
  [-1.5 -1.5 -1.5 -1.5]
  [-1.5 -1.5 -1.5 -1.5]]

 [[-0.5 -0.5 -0.5 -0.5]
  [-0.5 -0.5 -0.5 -0.5]
  [-0.5 -0.5 -0.5 -0.5]
  [-0.5 -0.5 -0.5 -0.5]]

 [[ 0.5  0.5  0.5  0.5]
  [ 0.5  0.5  0.5  0.5]
  [ 0.5  0.5  0.5  0.5]
  [ 0.5  0.5  0.5  0.5]]

 [[ 1.5  1.5  1.5  1.5]
  [ 1.5  1.5  1.5  1.5]
  [ 1.5  1.5  1.5  1.5]
  [ 1.5  1.5  1.5  1.5]]]
[[[-1.5 -1.5 -1.5 -1.5]
  [-0.5 -0.5 -0.5 -0.5]
  [ 0.5  0.5  0.5  0.5]
  [ 1.5  1.5  1.5  1.5]]

 [[-1.5 -1.5 -1.5 -1.5]
  [-0.5 -0.5 -0.5 -0.5]
  [ 0.5  0.5  0.5  0.5]
  [ 1.5  1.5  1.5  1.5]]

 [[-1.5 -1.5 -1.5 -1.5]
  [-0.5 -0.5 -0.5 -0.5]
  [ 0.5  0.5  0.5  0.5]
  [ 1.5  1.5  1.5  1.5]]

 [[-1.5 -1.5 -1.5 -1.5]
  [-0.5 -0.5 -0.5 -0.5]
  [ 0.5  0.5  0.5  0.5]
  [ 1.5  1.5  1.5  1.5]]]
[[[-1.5 -0.5  0.5  1.5]
  [-1.5 -0.5  0.5  1.5]
  [-1.5 -0.5  0.5  1.5]
  [-1.5 -0.5  0.5  1.5]]

 [[-1.5 -0.5  0.5  1.5]
  [-1.5 -0.5  0.5  1.5]
  [-1.5 -0.5  0.5  1.5]
  [-1.5 -0.5  0.5  1.5]]

 [[-1.5 -0.5  0.5  1.5]
  [-1.5 -0.5  0.5  1.5]
  [-1.5 -0.5  0.5  1.5]
  [-1.5 -0.5  0.5  1.5]]

 [[-1.5 -0.5  0.5  1.5]
  [-1.5 -0.5  0.5  1.5]
  [-1.5 -0.5  0.5  1.5]
  [-1.5 -0.5  0.5  1.5]]]
[[[ 3.24216546e+05  2.77570345e+05 -6.03232457e+04 -4.77665004e+04]
  [ 8.93602391e+05  1.68330715e+06 -9.11667486e+04 -8.73166407e+04]
  [ 9.37390508e+05  2.46481299e+06  5.35343259e+05 -5.56181891e+04]
  [ 3.98119539e+05  7.01375325e+05  3.18815864e+05  2.01098277e+04]]

 [[ 3.38745460e+05  3.43811782e+05 -1.63534039e+05 -1.52446655e+04]
  [ 1.27358954e+06  1.27601570e+07 -4.83429745e+06  1.41735968e+05]
  [ 3.89743093e+05  1.68397338e+07 -1.24288045e+06 -1.44592454e+05]
  [ 9.00245240e+04  2.58355507e+05 -3.46709978e+04 -6.10566714e+04]]

 [[ 9.07323112e+04  6.39538968e+05  3.75774296e+05  4.57722488e+04]
  [-9.16760494e+05  5.72644986e+06 -4.17656574e+06 -2.55365110e+05]
  [-1.22328687e+06 -1.08582418e+07 -2.06722884e+06 -5.14640730e+04]
  [-4.97406860e+05 -1.23322897e+06 -6.03367529e+05 -1.00280064e+05]]

 [[ 6.55774874e+04  4.25198535e+05  3.63758802e+05  9.80855953e+04]
  [-1.75853105e+05  1.00445384e+06  6.40030181e+05  9.49598196e+03]
  [-4.71483222e+05 -1.35199536e+03  1.58535322e+05 -5.90458735e+04]
  [-3.35873755e+05 -4.10354846e+05 -2.12130112e+05 -7.25751707e+04]]]
[[[ 2.66691900e+05  1.34831648e+04 -3.86244586e+05 -2.37105047e+05]
  [ 4.96913905e+05  5.45408706e+05 -4.72550371e+05 -2.67101966e+05]
  [-6.24536225e+04 -4.12486034e+05 -1.68565125e+05 -8.28000163e+04]
  [-3.57779984e+05 -6.17766007e+05 -2.47441594e+05 -5.31204390e+03]]

 [[ 4.84974036e+05 -5.40391637e+05 -1.35464767e+06 -3.21002509e+05]
  [ 1.85859926e+06  1.06360532e+07 -5.39336901e+06 -1.71348881e+05]
  [-3.71791665e+05 -1.63773903e+07  1.96021150e+06 -1.05020047e+04]
  [-8.69530985e+05 -2.12888520e+06 -3.77443267e+05  1.45038845e+05]]

 [[ 1.83037028e+05 -1.18897942e+06 -1.15100689e+06 -1.74108773e+05]
  [ 9.66985027e+05 -4.35069855e+06  3.77460190e+06  3.85967660e+05]
  [-1.83278849e+06 -8.41877077e+06  3.29937526e+05  3.29796738e+05]
  [-8.33868244e+05 -1.27100553e+06  1.12722969e+05  2.19070272e+05]]

 [[-8.32245136e+04 -4.61670355e+05 -4.05977922e+05 -1.08989957e+05]
  [-1.11964423e+05 -5.36549309e+05 -2.17764686e+05  6.00498790e+04]
  [-3.33732202e+05  1.20233991e+04  3.72746015e+05  1.71489520e+05]
  [-2.74455686e+05 -1.17112517e+05  1.60928727e+05  1.39455904e+05]]]
[[[-1.09175550e+05 -3.53651029e+05 -6.01413820e+04  1.40228254e+05]
  [ 2.56763563e+05 -7.20736550e+05 -3.42529678e+05  1.73706074e+05]
  [ 6.41117002e+05 -3.17900509e+05 -9.19546950e+05 -9.92024523e+04]
  [ 3.10739970e+05 -1.15033245e+05 -4.78785563e+05 -2.12025227e+05]]

 [[-3.22247980e+05 -9.83156099e+05  4.28129219e+05  4.27535109e+05]
  [ 9.79036301e+05 -5.99707050e+06  8.51233949e+06  7.72487546e+05]
  [ 2.65542703e+06  1.01766621e+07 -2.18076791e+06  8.31237938e+04]
  [ 7.03727794e+05 -6.15507060e+04 -1.01601987e+06 -2.64105928e+05]]

 [[-5.46077307e+05 -9.08595795e+05  6.87627031e+05  4.37626839e+05]
  [-5.31770689e+05 -1.28125075e+07  4.81661331e+06  3.90298539e+05]
  [ 8.57717308e+05 -5.66619041e+06  3.15092142e+06 -1.21624831e+04]
  [ 3.52813924e+05 -2.73893131e+05 -4.69619325e+05 -1.26929655e+05]]

 [[-3.43281272e+05 -2.97977346e+05  2.29453359e+05  2.44566528e+05]
  [-5.41808961e+05 -7.83958366e+05  7.22866489e+05  3.31065809e+05]
  [-2.84540064e+05 -6.68025055e+05  4.32751947e+05  1.85241825e+05]
  [-3.48153252e+04 -1.86444104e+05 -6.21062794e+04  3.76262154e+03]]]