# x/a  , y/a    ,   z/a   ,     u   ,     v   ,     w  
-1.50  ,  -1.50  ,  -1.50  ,  1796.27  ,  1477.56  ,  -604.87
-1.50  ,  -1.50  ,  -0.50  ,  1537.83  ,  74.70  ,  -1959.34
-1.50  ,  -1.50  ,  0.50  ,  -334.21  ,  -2139.92  ,  -333.20
-1.50  ,  -1.50  ,  1.50  ,  -264.64  ,  -1313.64  ,  776.91
-1.50  ,  -0.50  ,  -1.50  ,  4950.85  ,  2753.06  ,  1422.55
-1.50  ,  -0.50  ,  -0.50  ,  9326.07  ,  3021.74  ,  -3993.11
-1.50  ,  -0.50  ,  0.50  ,  -505.09  ,  -2618.08  ,  -1897.73
-1.50  ,  -0.50  ,  1.50  ,  -483.76  ,  -1479.83  ,  962.39
-1.50  ,  0.50  ,  -1.50  ,  5193.45  ,  -346.01  ,  3552.00
-1.50  ,  0.50  ,  -0.50  ,  13655.86  ,  -2285.31  ,  -1761.27
-1.50  ,  0.50  ,  0.50  ,  2965.98  ,  -933.91  ,  -5094.59
-1.50  ,  0.50  ,  1.50  ,  -308.14  ,  -458.74  ,  -549.61
-1.50  ,  1.50  ,  -1.50  ,  2205.71  ,  -1982.22  ,  1721.60
-1.50  ,  1.50  ,  -0.50  ,  3885.85  ,  -3422.62  ,  -637.32
-1.50  ,  1.50  ,  0.50  ,  1766.34  ,  -1370.91  ,  -2652.63
-1.50  ,  1.50  ,  1.50  ,  111.41  ,  -29.43  ,  -1174.69
-0.50  ,  -1.50  ,  -1.50  ,  1876.76  ,  2686.91  ,  -1785.36
-0.50  ,  -1.50  ,  -0.50  ,  1904.83  ,  -2993.95  ,  -5447.00
-0.50  ,  -1.50  ,  0.50  ,  -906.03  ,  -7505.19  ,  2371.97
-0.50  ,  -1.50  ,  1.50  ,  -84.46  ,  -1778.46  ,  2368.68
-0.50  ,  -0.50  ,  -1.50  ,  7056.10  ,  10297.24  ,  5424.18
-0.50  ,  -0.50  ,  1.50  ,  785.26  ,  -949.33  ,  4279.83
-0.50  ,  0.50  ,  -1.50  ,  2159.30  ,  -2059.85  ,  14711.93
-0.50  ,  0.50  ,  1.50  ,  -801.09  ,  -58.18  ,  460.53
-0.50  ,  1.50  ,  -1.50  ,  498.77  ,  -4817.48  ,  3898.88
-0.50  ,  1.50  ,  -0.50  ,  1431.37  ,  -11794.72  ,  -341.01
-0.50  ,  1.50  ,  0.50  ,  -192.09  ,  -2091.16  ,  -5629.08
-0.50  ,  1.50  ,  1.50  ,  -338.27  ,  803.56  ,  -1463.23
0.50  ,  -1.50  ,  -1.50  ,  502.69  ,  1014.08  ,  -3025.45
0.50  ,  -1.50  ,  -0.50  ,  3543.25  ,  -6587.33  ,  -5033.92
0.50  ,  -1.50  ,  0.50  ,  2081.91  ,  -6376.95  ,  3809.68
0.50  ,  -1.50  ,  1.50  ,  253.59  ,  -964.62  ,  2424.59
0.50  ,  -0.50  ,  -1.50  ,  -5079.15  ,  5357.41  ,  -2946.18
0.50  ,  -0.50  ,  1.50  ,  -1414.81  ,  2138.39  ,  2162.38
0.50  ,  0.50  ,  -1.50  ,  -6777.41  ,  -10154.24  ,  4752.03
0.50  ,  0.50  ,  1.50  ,  -285.13  ,  1827.18  ,  -67.38
0.50  ,  1.50  ,  -1.50  ,  -2755.80  ,  -4619.90  ,  1954.70
0.50  ,  1.50  ,  -0.50  ,  -6832.49  ,  -7041.78  ,  -1517.46
0.50  ,  1.50  ,  0.50  ,  -3342.85  ,  624.52  ,  -2601.84
0.50  ,  1.50  ,  1.50  ,  -555.58  ,  1213.72  ,  -703.23
1.50  ,  -1.50  ,  -1.50  ,  363.32  ,  -461.09  ,  -1901.89
1.50  ,  -1.50  ,  -0.50  ,  2355.74  ,  -2557.80  ,  -1650.89
1.50  ,  -1.50  ,  0.50  ,  2015.34  ,  -2249.25  ,  1271.25
1.50  ,  -1.50  ,  1.50  ,  543.43  ,  -603.84  ,  1354.98
1.50  ,  -0.50  ,  -1.50  ,  -974.28  ,  -620.32  ,  -3001.80
1.50  ,  -0.50  ,  -0.50  ,  5565.00  ,  -2972.66  ,  -4343.38
1.50  ,  -0.50  ,  0.50  ,  3545.98  ,  -1206.49  ,  4004.92
1.50  ,  -0.50  ,  1.50  ,  52.61  ,  332.70  ,  1834.21
1.50  ,  0.50  ,  -1.50  ,  -2612.17  ,  -1848.98  ,  -1576.44
1.50  ,  0.50  ,  -0.50  ,  -7.49  ,  66.61  ,  -3701.08
1.50  ,  0.50  ,  0.50  ,  878.34  ,  2065.13  ,  2397.59
1.50  ,  0.50  ,  1.50  ,  -327.13  ,  950.11  ,  1026.30
1.50  ,  1.50  ,  -1.50  ,  -1860.85  ,  -1520.57  ,  -192.89
1.50  ,  1.50  ,  -0.50  ,  -2273.50  ,  -648.84  ,  -1032.96
1.50  ,  1.50  ,  0.50  ,  -1175.27  ,  891.60  ,  -344.09
1.50  ,  1.50  ,  1.50  ,  -402.09  ,  772.63  ,  20.85
